182030190 8:21LGAYYZ  366 458 390104 16  3123178
114030190 7:10LGALAX2,475 357 390172 18  6196210
20203019010:43LGAORD  740 369 244151 11  5157210
219030190 9:31LGALON3,442 412 334198 17  7222250
43903019012:16LGALAX2,475 422 267167 13  5185210
38703019011:40LGACPH3,856 423 398152  8  3163250
290030190 6:56LGAWAS  229 327 253 96 16  7117180
52303019015:19LGAORD  740 476 456177 20  3185210
98203019010:28LGADFW1,383 383 355 49 19  2 56180
62203019012:19LGAFRA3,857 255 243207 15  5227250
82103019014:56LGALON3,442 334 289205 13  4222250
87203019013:02LGALAX2,475 316 357145 13  5163210
416030190 9:09LGAWAS  229 497 235 71 18  4 90180
13203019015:35LGAYYZ  366 288 459115 24  5144178
82903019013:38LGAWAS  229 487 235 75 16  5 88180
18303019017:46LGAWAS  229 371 270 80 19  3 85180
27103019013:17LGAPAR3,635 490 392138 14  6158250
92103019017:11LGADFW1,383 362 377122  8  4132180
30203019020:22LGAWAS  229 363 273105 24  3128180
43103019018:50LGALAX2,475 403 427153 14  6173210
30803019021:06LGAORD  740 311 307159 20  8181210
182030290 8:21LGAYYZ  366 386 230116 19  6141178
114030290 7:10LGALAX2,475 361 286119 12  6137210
20203029010:43LGAORD  740 399 161120 15  2124210
219030290 9:31LGALON3,442 285 164147 18  7172250
43903029012:16LGALAX2,475 575 353126 17  5148210
38703029011:40LGACPH3,856 355 457105  8  1114250
290030290 6:56LGAWAS  229 420 305108 19  5131180
52303029015:19LGAORD  740 362 445 95 24  5100210
98203029010:28LGADFW1,383 239 177 95 15  3109180
62203029012:19LGAFRA3,857 370 469176  7  4187250
82103029014:56LGALON3,442 530 391201  6  3210250
87203029013:02LGALAX2,475 340 434130  4  5139210
416030290 9:09LGAWAS  229 265 334 80  3  7 87180
13203029015:35LGAYYZ  366 430 405106 18  5129178
82903029013:38LGAWAS  229 339 153 88 14  5103180
18303029017:46LGAWAS  229 395 112 94 17  1104180
27103029013:17LGAPAR3,635 342 359172 15  4191250
92103029017:11LGADFW1,383 411 347126 25  6138180
30203029020:22LGAWAS  229 511 224 78 10  5 92180
43103029018:50LGALAX2,475 326 163165  6  6177210
30803029021:06LGAORD  740 306 384144 11  5151210
182030390 8:21LGAYYZ  366 411 278137 17  4158178
114030390 7:10LGALAX2,475 433 336197  9  2208210
20203039010:43LGAORD  740 458 370118 27  2138210
219030390 9:31LGALON3,442 369 441197  8  6211250
43903039012:16LGALAX2,475 381 281153 13  6172210
38703039011:40LGACPH3,856 465 421138  9  6153250
290030390 6:56LGAWAS  229 441 515114 22  3134180
52303039015:19LGAORD  740 368 363162  8  5167210
98203039010:28LGADFW1,383 195 439134  8  8149180
62203039012:19LGAFRA3,857 296 414180 16  4200250
82103039014:56LGALON3,442 448 282151 17  4172250
87203039013:02LGALAX2,475 366 284151 12  4167210
416030390 9:09LGAWAS  229 477 335 97 15  2109180
13203039015:35LGAYYZ  366 288 346 75  8  5 88178
82903039013:38LGAWAS  229 355 252 80 15  5 94180
18303039017:46LGAWAS  229 424 336 69 27  5 88180
27103039013:17LGAPAR3,635 352 351147 29  7183250
92103039017:11LGADFW1,383 428 351 66 14  5 78180
30203039020:22LGAWAS  229 411 310123 21  5132180
43103039018:50LGALAX2,475 304 351160 14  5179210
30803039021:06LGAORD  740 445 271142  8  4150210
182030490 8:21LGAYYZ  366 327 160160 18  0178178
114030490 7:10LGALAX2,475 416 337178 23  5206210
20203049010:43LGAORD  740 295 464148 11  4154210
219030490 9:31LGALON3,442 331 376232 18  0250250
43903049012:16LGALAX2,475 574 208181 16  7204210
38703049011:40LGACPH3,856 395 217 81 21  1103250
290030490 6:56LGAWAS  229 307 505131  9  4139180
52303049015:19LGAORD  740 334 351193 17  0199210
98203049010:28LGADFW1,383 405 227159 14  5172180
62203049012:19LGAFRA3,857 296 232137 14  4155250
82103049014:56LGALON3,442 403 209167  9  6182250
87203049013:02LGALAX2,475 478 277106  9  3118210
416030490 9:09LGAWAS  229 332 449147  9  5155180
13203049015:35LGAYYZ  366 446  65117  6  6129178
82903049013:38LGAWAS  229 345 308125 13  4133180
18303049017:46LGAWAS  229 413 337122  8  6129180
27103049013:17LGAPAR3,635 492 308146 13  4163250
92103049017:11LGADFW1,383 267 199158 11  6168180
30203049020:22LGAWAS  229 345 335115 14  4125180
43103049018:50LGALAX2,475 465 216181 19  5205210
30803049021:06LGAORD  740 347 436134  8  5146210
182030590 8:21LGAYYZ  366 461 317125 24  5154178
114030590 7:10LGALAX2,475 540 523117 21  5143210
20203059010:43LGAORD  740 357 494104  6  6114210
219030590 9:31LGALON3,442 485 267160  4  3167250
43903059012:16LGALAX2,475 451 401116 18  5139210
38703059011:40LGACPH3,856 393 304142  8  2152250
290030590 6:56LGAWAS  229 338 455 30 22  3 50180
52303059015:19LGAORD  740 368 432 47  9  3 53210
98203059010:28LGADFW1,383 487 335 90 23  7103180
62203059012:19LGAFRA3,857 340 311185 11  3199250
87203059013:02LGALAX2,475 435 182122 12  5139210
416030590 9:09LGAWAS  229 433 165 13 14  4 18180
13203059015:35LGAYYZ  366 294 401157 12  6175178
82903059013:38LGAWAS  229 444 478 60 15  6 68180
18303059017:46LGAWAS  229 371 258 58 11  6 73180
27103059013:17LGAPAR3,635 366 498177 22  4203250
92103059017:11LGADFW1,383 346 282 88 21  5110180
30203059020:22LGAWAS  229 466 436 83  4  4 89180
43103059018:50LGALAX2,475 395 365145  7  6158210
30803059021:06LGAORD  740 306 365 88 18  5 96210
182030690 8:21LGAYYZ  366 443 360122 12  7141178
114030690 7:10LGALAX2,475 394 220128 19  4151210
20203069010:43LGAORD  740 383 286115 19  3136210
219030690 9:31LGALON3,442 388 298163 14  6183250
43903069012:16LGALAX2,475 234 120157 16  3176210
290030690 6:56LGAWAS  229 290 361 95 21  7118180
52303069015:19LGAORD  740 435 404106 11  7116210
98203069010:28LGADFW1,383 376 330 93 12  5100180
82103069014:56LGALON3,442 345 243167 16  2185250
87203069013:02LGALAX2,475 366 392178 16  3197210
416030690 9:09LGAWAS  229 499 402 67 18  5 83180
13203069015:35LGAYYZ  366 481 294150  3  7160178
82903069013:38LGAWAS  229 350 312 72 11  3 75180
18303069017:46LGAWAS  229 385 347 67 18  6 84180
92103069017:11LGADFW1,383 375 263114 19  4130180
30203069020:22LGAWAS  229 465 322 66 15  7 87180
43103069018:50LGALAX2,475 423 310129 26  2157210
30803069021:06LGAORD  740 482 257189 21  0194210
182030790 8:21LGAYYZ  366 388 569155 23  0178178
114030790 7:10LGALAX2,475 466 348160 23  5188210
20203079010:43LGAORD  740 439 220175 10  3183210
219030790 9:31LGALON3,442 421 356241  9  0250250
43903079012:16LGALAX2,475 338 204196 14  0210210
38703079011:40LGACPH3,856 546 204131  5  6142250
290030790 6:56LGAWAS  229 422 424168 12  0174180
52303079015:19LGAORD  740 338 477170 22  2180210
98203079010:28LGADFW1,383 474 249113  7  4121180
62203079012:19LGAFRA3,857 391 423210 22  5237250
82103079014:56LGALON3,442 248 307215 11  5231250
87203079013:02LGALAX2,475 371 353194  7  7208210
416030790 9:09LGAWAS  229 371 289147 24  2171180
13203079015:35LGAYYZ  366 439 338164  5  3172178
82903079013:38LGAWAS  229 316 249133 16  2150180
18303079017:46LGAWAS  229 281 216129 11  4142180
27103079013:17LGAPAR3,635 353 205155 21  4180250
92103079017:11LGADFW1,383 452 282158 22  0169180
30203079020:22LGAWAS  229 425 435135 16  5141180
43103079018:50LGALAX2,475 356 298195 15  0210210
30803079021:06LGAORD  740 370 381193 17  0198210
182030890 8:21LGAYYZ  366 343 387164 14  0178178
114030890 7:10LGALAX2,475 450 246129 21  5155210
20203089010:43LGAORD  740 508 334130 11  4136210
219030890 9:31LGALON3,442 447 299183 11  3197250
43903089012:16LGA   2,475 247 187150 13  4167210
38703089011:40LGACPH3,856 415 367150  9  3162250
290030890 6:56LGAWAS  229 424 456 90 21  2108180
52303089015:19LGAORD  740 457 342160 21  2182210
98203089010:28LGADFW1,383 228 213116 15  4123180
62203089012:19LGAFRA3,857 346    176  5  6187250
82103089014:56LGALON3,442 391 395186 11  5202250
87203089013:02LGALAX2,475 352 293131 23  4158210
416030890 9:09LGAWAS  229 347 300 61 11  5 71180
13203089015:35LGAYYZ  366 342 465104 13  1118178
82903089013:38LGAWAS  229 397 387100 14  2102180
18303089017:46LGAWAS  229 380 335 88 14  5 93180
27103089013:17LGAPAR3,635 366 279152 20  4176250
92103089017:11LGADFW1,383 502 308 90 17  5 99180
30203089020:22LGAWAS  229 427 362 65 10  2 70180
43103089018:50LGALAX2,475 416 151184 16  6206210
30803089021:06LGAORD  740 424 184134 11  4143210
182030990 8:21LGAYYZ  366 477 192140 26  3169178
114030990 7:10LGALAX2,475 395 454156 16  6178210
20203099010:43LGAORD  740 335 323141 15  5150210
219030990 9:31LGALON3,442 356 547211 18  6235250
43903099012:16LGALAX2,475 365 398136  5  6147210
38703099011:40LGACPH3,856 363 297128 14  3145250
290030990 6:56LGAWAS  229 311 434 38 17  7 58180
52303099015:19LGAORD  740 224 201161 15  5172210
98203099010:28LGADFW1,383 266 410163 17  0173180
62203099012:19LGAFRA3,857 317 421173 11  5189250
82103099014:56LGALON3,442 219 368203 11  4218250
87203099013:02LGALAX2,475 317 380 99 21  4124210
416030990 9:09LGAWAS  229 355 410 72 11  4 78180
13203099015:35LGAYYZ  366 470 361119  7  4130178
82903099013:38LGAWAS  229 458 506 82 16  3 93180
18303099017:46LGAWAS  229 396 315 78 12  2 81180
27103099013:17LGAPAR3,635 357 282159 18  5182250
92103099017:11LGADFW1,383 284 150 88  6  6 99180
30203099020:22LGAWAS  229 454 631106 21  5112180
43103099018:50LGALAX2,475 373 339142 14  4160210
30803099021:06LGAORD  740 371 408135 15  3147210
182031090 8:21LGAYYZ  366 421 319146  8  6160178
114031090 7:10LGALAX2,475 305 428183 10  5198210
20203109010:43LGAORD  740 535 386127  9  3137210
219031090 9:31LGALON3,442 272 370167  7  7181250
43903109012:16LGALAX2,475 343 302164 15  5184210
38703109011:40LGACPH3,856 336 377154 18  5177250
290031090 6:56LGAWAS  229 420 289 75 14  5 90180
52303109015:19LGAORD  740 459 253144 13  3152210
98203109010:28LGADFW1,383 337 132116 14  5121180
62203109012:19LGAFRA3,857 272 363129 12  6147250
82103109014:56LGALON3,442 389 479188  5  4197250
87203109013:02LGALAX2,475 357 437170 18  6194210
416031090 9:09LGAWAS  229 240 241 58 17  3 61180
13203109015:35LGAYYZ  366 438 367 98 14  4116178
82903109013:38LGAWAS  229 354 391 63 19  2 81180
18303109017:46LGAWAS  229 440 307 86 15  5 93180
27103109013:17LGAPAR3,635 415 463182  9  7198250
92103109017:11LGADFW1,383 483 374 67 16  6 74180
30203109020:22LGAWAS  229 304 455 91  3  4 96180
43103109018:50LGALAX2,475 284 346192 18  0210210
30803109021:06LGAORD  740 248 129186 18  4199210
182031190 8:21LGAYYZ  366 357 265165 13  0178178
114031190 7:10LGALAX2,475 449 307188 22  0210210
20203119010:43LGAORD  740 438 435165 12  4173210
219031190 9:31LGALON3,442 327 374177 15  3195250
43903119012:16LGALAX2,475 309 223196 14  0210210
38703119011:40LGACPH3,856 327 378115 20  1136250
290031190 6:56LGAWAS  229 475 358 91 27  4118180
52303119015:19LGAORD  740 339 329176 18  5196210
98203119010:28LGADFW1,383 214 431118  9  4128180
62203119012:19LGAFRA3,857 375 301172 17  5194250
82103119014:56LGALON3,442 272 497174  5  4183250
87203119013:02LGALAX2,475 346 328166  7  1174210
416031190 9:09LGAWAS  229 396 472128 20  5146180
13203119015:35LGAYYZ  366 281 408141 11  6158178
82903119013:38LGAWAS  229 378 336118 21  3139180
18303119017:46LGAWAS  229 334 503111  9  6120180
27103119013:17LGAPAR3,635 281 329113 14  7134250
92103119017:11LGADFW1,383 255 334168 12  0173180
30203119020:22LGAWAS  229 442 557 75 14  4 83180
43103119018:50LGALAX2,475 442 387147 16  4167210
30803119021:06LGAORD  740 268 385203  7  0205210
182031290 8:21LGAYYZ  366 361 510142 13  3158178
114031290 7:10LGALAX,2475 263 443128 19  2149210
20203129010:43LGAORD  740 280 213112  9  2117210
219031290 9:31LGALON3,442 380 122229 16  3248250
43903129012:16LGALAX2,475 211 269 88  9  5102210
38703129011:40LGACPH3,856 392 477108 20  6134250
290031290 6:56LGAWAS  229 287 214 45 16  5 52180
52303129015:19LGAORD  740 344 323103 13  4117210
98203129010:28LGADFW1,383 316 245 31 14  4 35180
62203129012:19LGAFRA3,857 328 441204 25  3232250
87203129013:02LGALAX2,475 300 222 77 22  6105210
416031290 9:09LGAWAS  229 409 372 48  8  4 55180
13203129015:35LGAYYZ  366 289 169 93 13  5111178
82903129013:38LGAWAS  229 396 219 68  9  6 80180
18303129017:46LGAWAS  229 455 371 48 10  6 61180
27103129013:17LGAPAR3,635 298 350170  6  6182250
92103129017:11LGADFW1,383 416 276133 23  3157180
30203129020:22LGAWAS  229 395 293 53 21  5 65180
43103129018:50LGALAX2,475 364 193 77 26  6109210
30803129021:06LGAORD  740 338 441106 15  7113210
182031390 8:21LGAYYZ  366 386 197 77 20  6103178
114031390 7:10LGALAX2,475 200 446170 15  6191210
20203139010:43LGAORD  740 390 422109 17  2111210
219031390 9:31LGALON3,442 477 427160  9  3172250
43903139012:16LGALAX2,475 334 165135 22  2159210
290031390 6:56LGAWAS  229 360 362 57 10  5 63180
52303139015:19LGAORD  740 370 188144  9  4150210
98203139010:28LGADFW1,383 440 492110 18  8128180
82103139014:56LGALON3,442 249 314170  5  6181250
87203139013:02LGALAX2,475 526 321170  6  4180210
416031390 9:09LGAWAS  229 291 327 95  9  6102180
13203139015:35LGAYYZ  366 251 217142 10  7159178
82903139013:38LGAWAS  229 417 276 88 20  4102180
18303139017:46LGAWAS  229 271 409 63 22  6 82180
92103139017:11LGADFW1,383 365 370 87 14  4 95180
30203139020:22LGAWAS  229 461 287 99  6  3104180
43103139018:50LGALAX2,475 375 283159 14  3176210
30803139021:06LGAORD  740 446 206134 11  6142210
182031490 8:21LGAYYZ  366 505 250173  5  0178178
114031490 7:10LGALAX2,475 269 283192 18  0210210
20203149010:43LGAORD  740 336 369156 15  6169210
219031490 9:31LGALON3,442 474 397166 22  3191250
43903149012:16LGALAX2,475 396 301179  8  5192210
38703149011:40LGACPH3,856 524 389149 16  4169250
290031490 6:56LGAQAS  229 436 267168 12  0171180
52303149015:19LGAORD  740 381 464199 11  0207210
98203149010:28LGADFW1,383 327 354150 22  5160180
62203149012:19LGAFRA3,857 277 387190 15  3208250
82103149014:56LGALON3,442 288 309162  9  2173250
87203149013:02LGALAX2,475 266 289181 11  5197210
416031490 9:09LGAWAS  229 359 543159 21  0161180
13203149015:35LGAYYZ  366 376 261154 18  5177178
82903149013:38LGAWAS  229 329 328158 17  3161180
18303149017:46LGAWAS  229 379 456122 21  5138180
27103149013:17LGAPAR3,635 405 401100  4  5109250
92103149017:11LGADFW1,383 396 192155 25  0157180
30203149020:22LGAWAS  229 395 357140 17  3155180
43103149018:50LGALAX2,475 444 447189 21  0210210
30803149021:06LGAORD  740 602 359157 21  5175210
182031590 8:21LGAYYZ  366 362 364114 15  2131178
114031590 7:10LGALAX2,475 325 229194 16  0210210
20203159010:43LGAORD  740 486 346 93 14  2 97210
219031590 9:31LGALON3,442 411 352185  9  5199250
43903159012:16LGALAX2,475 374 360142 16  6164210
38703159011:40LGACPH3,856 405 277158 26  4188250
290031590 6:56LGAWAS  229 305 434 90 19  3100180
52303159015:19LGAORD  740 421 312168 15  7177210
98203159010:28LGADFW1,383 381 462108  8  4117180
62203159012:19LGAFRA3,857 397 332157 13  7177250
82103159014:56LGALON3,442 375 396159  7  4170250
87203159013:02LGALAX2,475 317 372114 10  5129210
416031590 9:09LGAWAS  229 408 453 57 16  6 75180
13203159015:35LGAYYZ  366 213 429 71 15  7 93178
82903159013:38LGAWAS  229 346 313 93 15  6111180
18303159017:46LGAWAS  229 388 264 50 21  6 66180
27103159013:17LGAPAR3,635 254 316144 13  5162250
92103159017:11LGADFW1,383 291 400120 26  6137180
30203159020:22LGAWAS  229 542 368116 24  4142180
43103159018:50LGALAX2,475 319 322149 15  5169210
30803159021:06LGAORD  740 394 335178 13  3183210
182031690 8:21LGAYYZ  366 392 378 90 10  4104178
114031690 7:10LGALAX2,475 238 145187  6  2195210
20203169010:43LGAORD  740 249 178142 13  6152210
219031690 9:31LGALON3,442 327 391145 10  3158250
43903169012:16LGALAX2,475 354 495143 18  9170210
38703169011:40LGACPH3,856 359 226120 13  7140250
290031690 6:56LGAWAS  229 240 365 72 18  7 82180
52303169015:19LGAORD  740 304 167166  5  3172210
98203169010:28LGADFW1,383 314 385 88 17  3106180
62203169012:19LGAFRA3,857 479 193177  6  5188250
82103169014:56LGALON3,442 428 315194 20  3217250
87203169013:02LGALAX2,475 349 247167 10  5182210
416031690 9:09LGAWAS  229 484 280 61  7  2 66180
13203169015:35LGAYYZ  366 473 231 71 11  6 88178
82903169013:38LGAWAS  229 426 263 79 21  4 92180
18303169017:46LGAWAS  229 411 512116 15  4129180
27103169013:17LGAPAR3,635 475 413128  7  3138250
92103169017:11LGADFW1,383 216 420137 17  3156180
30203169020:22LGAWAS  229 371 340 64  8  2 70180
43103169018:50LGALAX2,475 515 247136 19  3158210
30803169021:06LGAORD  740 501 117136 12  5147210
182031790 8:21LGAYYZ  366 481 346123 13  4140178
114031790 7:10LGALAX2,475 400 179176 17  5198210
20203179010:43LGAORD  740 535 333159 17  4168210
219031790 9:31LGALON3,442 398 324212 14  1227250
43903179012:16LGALAX2,475 394 389146  9  5160210
38703179011:40LGACPH3,856 424 413114 11  3128250
290031790 6:56LGAWAS  229 422 254119  7  6128180
52303179015:19LGAORD  740 303 268161 20  4178210
98203179010:28LGADFW1,383 430 233 88  7  5 95180
62203179012:19LGAFRA3,857 507 275200 15  2217250
82103179014:56LGALON3,442 350 292232 18  0250250
87203179013:02LGALAX2,475 354 181171 11  2184210
416031790 9:09LGAWAS  229 387 361 93 17  6107180
13203179015:35LGAYYZ  366 260 598137 17  2156178
82903179013:38LGAWAS  229 343 131 84  5  6 90180
18303179017:46LGAWAS  229 462 197 98 19  4108180
27103179013:17LGAPAR3,635 366 356140 15  4159250
92103179017:11LGADFW1,383 495 414 94 13  6107180
30203179020:22LGAWAS  229 426 452117 17  4126180
43103179018:50LGALAX2,475 315 447156 16  4176210
30803179021:06LGAORD  740 466 199163 17  3172210
182031890 8:21LGAYYZ  366 375 357163 15  0178178
114031890 7:10LGALAX2,475 324 339192 18  0210210
20203189010:43LGAORD  740 425 265149 13  6162210
219031890 9:31LGALON3,442 337 276188 20  6214250
43903189012:16LGALAX2,475 486 258161 14  6181210
38703189011:40LGACPH3,856 361 375113 12  5130250
290031890 6:56LGAWAS  229 253 284123 17  3141180
52303189015:19LGAORD  740 378 267108 11  5117210
98203189010:28LGADFW1,383 291 352126  7  6134180
62203189012:19LGAFRA3,857 412 342160 13  2175250
82103189014:56LGALON3,442 463 236162 14  6182250
87203189013:02LGALAX2,475 389 356199 11  0210210
416031890 9:09LGAWAS  229 377 371127 21  5149180
13203189015:35LGAYYZ  366 352 323154 16  7177178
82903189013:38LGAWAS  229 290 254138 17  3141180
18303189017:46LGAWAS  229 394 325130 12  4139180
27103189013:17LGAPAR3,635 506 347111 12  5128250
92103189017:11LGADFW1,383 354 402115  9  1118180
30203189020:22LGAWAS  229 398 371100 17  2102180
43103189018:50LGALAX2,475 344 358200 10  0210210
30803189021:06LGAORD  740 365 513139 17  5156210
182031990 8:21LGAYYZ  366 370 260134  6  4144178
114031990 7:10LGALAX2,475 398 120 93 20  5118210
20203199010:43LGAORD  740 412 337 73 19  7 91210
219031990 9:31LGALON3,442 315 303224  8  4236250
43903199012:16LGALAX2,475 348 181114 13  7134210
38703199011:40LGACPH3,856 578 334117 19  5141250
290031990 6:56LGAWAS  229 324 246 37 17  5 48180
52303199015:19LGAORD  740 345 448 68 10  2 79210
98203199010:28LGADFW1,383 462 447 95 17  4106180
62203199012:19LGAFRA3,857 324 245146  4  6156250
87203199013:02LGALAX2,475 254 466 99  9  6114210
416031990 9:09LGAWAS  229 367 283117 12  3123180
13203199015:35LGAYYZ  366 363 242138 19  5162178
82903199013:38LGAWAS  229 374 386 94  7  6106180
18303199017:46LGAWAS  229 301 381 34 14  5 50180
27103199013:17LGAPAR3,635 442 439137 14  4155250
92103199017:11LGADFW1,383 301 448 62 17  4 74180
30203199020:22LGAWAS  229 414 490 76 11  4 90180
43103199018:50LGALAX2,475 416 373102 20  3125210
30803199021:06LGAPRD  740 407 450104 24  4123210
182032090 8:21LGAYYZ  366 374 247158 20  0178178
114032090 7:10LGALAX2,475 432 390194 16  0210210
20203209010:43LGAORD  740 322 426107 13  6120210
219032090 9:31LGALON3,442 475 248208  7  5220250
43903209012:16LGALAX2,475 382 224145 18  2165210
290032090 6:56LGAWAS  229 491 219 90 20  3 93180
52303209015:19LGAORD  740 420 521138 27  5144210
98203209010:28LGADFW1,383 408 366142 15  3148180
82103209014:56LGALON3,442 276 260176 19  4199250
87203209013:02LGALAX2,475 351 310142  9  3154210
416032090 9:09LGAWAS  229 434 343 95  5  7102180
13203209015:35LGAYYZ  366 342 336102 21  5128178
82903209013:38LGAWAS  229 379 438 95 13  3109180
18303209017:46LGAWAS  229 226 294 61 19  3 78180
92103209017:11LGADFW1,383 464 474 92  6  7101180
30203209020:22LGAWAS  229 341 393 93 15  4105180
43103209018:50LGALAX2,475 416 342109  4  5118210
30803209021:06LGAORD  740 476 306135 23  4147210
182032190 8:21LGAYYZ  366 459 396151 10  2163178
114032190 7:10LGALAX2,475 466 368185 25  0210210
20203219010:43LGAORD  740 337 353151 21  6163210
219032190 9:31LGALON3,442 340 378158 11  4173250
43903219012:16LGALAX2,475 443 392188 16  4208210
38703219011:40LGACPH3,856 404 395163 16  5184250
290032190 6:56LGAWAS  229 391 555167 13  0168180
52303219015:19LGAORD  740 330 242189 21  0198210
98203219010:28LGADFW1,383 442 346 43 13  5 48180
62203219012:19LGAFRA3,857 442 305182 11  5198250
82103219014:56LGALON3,442 304 231223 15  7245250
87203219013:02LGALAX2,475 283 532123  9  0210210
416032190 9:09LGAWAS  229 331 239158  5  6165180
13203219015:35LGAYYZ  366 418 433105 22  5132178
82903219013:38LGAWAS  229 249 363165 15  0177180
18303219017:46LGAWAS  229 335 280173  7  0178180
27103219013:17LGAPAR3,635 507 156169 17  2188250
92103219017:11LGADFW1,383 393 510148 14  5164180
30203219020:22LGAWAS  229 401 534111  7  1113180
43103219018:50LGALAX2,475 398 120198 12  0210210
30803219021:06LGAORD  740 323 278116 12  5131210
182032290 8:21LGAYYZ  366 430 270 95 10  1106178
114032290 7:10LGALAX2,475 486 228198 12  0210210
20203229010:43LGAORD  740 461 383133 20  4153210
219032290 9:31LGALON3,442 251 388166 14  5185250
43903229012:16LGALAX2,475 365 545111 11  3125210
38703229011:40LGACPH3,856 376 226124  7  6137250
290032290 6:56LGAWAS  229 435 403120 12  3125180
52303229015:19LGAORD  740 392 270162 13  7173210
98203229010:28LGADFW1,383 412 368121  9  5131180
62203229012:19LGAFRA3,857 398 312175  8  5188250
82103229014:56LGALON3,442 382 113195 16  6217250
87203229013:02LGALAX2,475 319 406181 19  7207210
416032290 9:09LGAWAS  229 406 273109 20  6119180
13203229015:35LGAYYZ  366 351 369 94 22  6122178
82903229013:38LGAWAS  229 440 245104 23  4121180
18303229017:46LGAWAS  229 509 379 38 24  6 48180
27103229013:17LGAPAR3,635 411 391191 17  5213250
92103229017:11LGADFW1,383 483 478142 15  7153180
30203229020:22LGAWAS  229 369 333 25  4  4 32180
43103229018:50LGALAX2,475 385 271145  8  5158210
30803229021:06LGAORD  740 412 256165  5  6174210
182032390 8:21LGAYYZ  366 446 224 86 16  5107178
114032390 7:10LGALAX2,475 309 409188 22  0210210
20203239010:43LGAORD  740 572 466143 15  3157210
219032390 9:31LGALON3,442 473 301180 12  4196250
43903239012:16LGALAX2,475 413 289158 18  5181210
38703239011:40LGACPH3,856 319 405138 13  5156250
290032390 6:56LGAWAS  229 269 346 92 10  5 97180
52303239015:19LGAORD  740 356  57169 18  4187210
98203239010:28LGADFW1,383 409 355 75 10  5 80180
62203239012:19LGAFRA3,857 239 355199 18  2219250
82103239014:56LGALON3,442 252 395125 17  5147250
87203239013:02LGALAX2,475 347 359145 17  3165210
416032390 9:09LGAWAS  229 384 206112  8  3118180
13293239015:35LGAYYZ  366 354 292 98 15  4117178
82903239013:38LGAWAS  229 319 394 58 14  4 68180
18303239017:46LGAWAS  229 433 339 88 18  4 94180
27103239013:17LGAPAR3,635 363 424173 25  5203250
92103239017:11LGADFW1,383 353 148 80 19  5 87180
30203239020:22LGAWAS  229 421 327 91 16  4 97180
43103239018:50LGALAX2,475 228 129190 20  0210210
30803239021:06LGAORD  740 369 193166 10  4177210
182032490 8:21LGAYYZ  366 371 456141 18  4163178
114032490 7:10LGALAX2,475 356 377129 13  3145210
20203249010:43LGAORD  740 317 363132  8  5142210
219032490 9:31LGALON3,442 428 294181 12  5198250
43903249012:16LGALAX2,475 396 449146 14  5165210
38703249011:40LGACPH3,856 301 226152 17  3172250
290032490 6:56LGAWAS  229 388 273 62 19  4 66180
52303249015:19LGAORD  740 489 412135 10  4147210
98203249010:28LGADFW1,383 341 259122 17  2127180
62203249012:19LGAFRA3,857 504 557154 13  7174250
82103249014:56LGALON3,442 353 292184 11  4199250
87203249013:02LGALAX2,475 352 327105 20  2127210
416032490 9:09LGAWAS  229 417 420 50 19  2 63180
13203249015:35LGAYYZ  366 389 253 79 16  3 98178
82903249013:38LGAWAS  229 349 354 91 13  6 97180
18303249017:46LGAWAS  229 341 225 82 19  2 97180
27103249013:17LGAPAR3,635 387 265146 18  3167250
92103249017:11LGADFW1,383 357 297 86 15  3 91180
30203249020:22LGAWAS  229 364 290 74 14  3 84180
43103249018:50LGALAX2,475 481 386174 11  5190210
30803249021:06LGAORD  740 537 426131  9  4135210
182032590 8:21LGAYYZ  366 357 471147 23  6176178
114032590 7:10LGALAX2,475 309 333172 10  4186210
20203259010:43LGAORD  740 347 195165 17  4185210
219032590 9:31LGALON3,442 405 336196 14  5215250
43903259012:16LGALAX2,475 263 260184 10  4198210
38703259011:40LGACPH3,856 321 417107 12  4123250
290032590 6:56LGAWAS  229 338 433143 10  6152180
52303259015:19LGAORD  740 502 327121 11  5126210
98203259010:28LGADFW1,383 251 344128  5  6134180
62203259012:19LGAFRA3,857 314 175168 22  3193250
82103259014:56LGALON3,442 404 184200  9  3212250
87203259013:02LGALAX2,475 292 133158 20  3181210
416032590 9:09LGAWAS  229 495 507119 22  3135180
13203259015:35LGAYYZ  366 422 238156 22  0178178
82903259013:38LGAWAS  229 569 230 91 19  5101180
18303259017:46LGAWAS  229 361 387 21 19  3 24180
27103259013:17LGAPAR3,635 344 232118 10  5133250
92103259017:11LGADFW1,383 335 540115  9  3123180
30203259020:22LGAWAS  229 334 255155 19  5168180
43103259018:50LGALAX2,475 320  21163 18  7188210
30803259021:06LGAORD  740 349 402175 14  6185210
182032690 8:21LGAYYZ  366 414 414116 13  3132178
114032690 7:10LGALAX2,475 622 341108 22  6136210
20203269010:43LGAORD  740 458 367 78 15  4 96210
219032690 9:31LGALON3,442 308 300202 18  9229250
43903269012:16LGALAX2,475 345 392137 17  4158210
38703269011:40LGACPH3,856 483  71 92 17  7116250
290032690 6:56LGAWAS  229 462 260 51 11  7 61180
52303269015:19LGAORD  740 471 308104 15  5111210
98203269010:28LGADFW1,383 417 307 78 17  2 80180
62203269012:19LGAFRA3,857 392 227211  0  2213250
87203269013:02LGALAX2,475 393 432109 24  6139210
416032690 9:09LGAWAS  229 263 408 58 14  4 67180
13203269015:35LGAYYZ  366 466 293 88 10  4102178
82903269013:38LGAWAS  229 374 293 65 14  5 79180
18303269017:46LGAWAS  229 388 214 92 18  5107180
27103269013:17LGAPAR3,635 459 385170 16  6192250
92103269017:11LGADFW1,383 405 281 49 13  6 66180
30203269020:22LGAWAS  229 227 451 57 14  5 69180
43103269018:50LGALAX2,475 435 242145 17  6168210
30803269021:06LGAORD  740 483 421 75 14  4 83210
182032790 8:21LGAYYZ  366 520 206138  7  7152178
114032790 7:10LGALAX2,475 353 285198 12  0210210
20203279010:43LGAORD  740 371 346113 21  3117210
219032790 9:31LGALON3,442 285 198179 12  4195250
43903279012:16LGALAX2,475 348 298115 18  2135210
290032790 6:56LGAWAS  229 325 276 55 15  7 64180
52303279015:19LGAORD  740 333 460144  3  6152210
98203279010:28LGADFW1,383 564 200 85  5  5 92180
82103279014:56LGALON3,442 402 292194 15  5214250
87203279013:02LGALAX2,475 467 409154 20  6180210
416032790 9:09LGAWAS  229 307 417 53  9  4 61180
13203279015:35LGAYYZ  366 445 408103 16  3122178
82903279013:38LGAWAS  229 444 320104 12  2115180
18303279017:46LGAWAS  229 280 365 76 16  5 82180
92103279017:11LGADFW1,383 282 250121 16  5 79180
30203279020:22LGAWAS  229 253 407 76 14  5 89180
43103279018:50LGALAX2,475 536 215166 17  6189210
30803279021:06LGAORD  740 239 427168 19  2172210
182032890 8:21LGAYYZ  366 394 291158 20  0178178
114032890 7:10LGALAX2,475 387 278200 10  0210210
20203289010:43LGAORD  740 366 410199 11  0201210
219032890 9:31LGALON3,442 517 378136 12  2150250
43903289012:16LGALAX2,475 331 373182  8  2192210
38703289011:40LGACPH3,856 271 306119 21  3143250
290032890 6:56LGAWAS  229 444 438173  7  0177180
52303289015:19LGAORD  740 389 302170 19  5180210
98203289010:28LGADFW1,383 454 329131 16  4143180
62203289012:19LGAFRA3,857 606 371225 13  6244250
82103289014:56LGALON3,442 383 331162 10  6178250
87203289013:02LGALAX2,475 331 280190 20  0210210
416032890 9:09LGAWAS  229 375 291154 17  5168180
13203289015:35LGAYYZ  366 291 458 88 29  7124178
82903289013:38LGAWAS  229 396 422115 13  5123180
18303289017:46LGAWAS  229 366 296150 13  3164180
27103289013:17LGAPAR3,635 382  94187  7  7201250
92103289017:11LGADFW1,383 401 449139 23  4154180
30203289020:22LGAWAS  229 394 244164 16  0175180
43103289018:50LGALAX2,475 369 333207  3  0210210
30803289021:06LGAORD  740 387 469177 12  6189210
182032990 8:21LGAYYZ  366 435 427150  4  7161178
114032990 7:10LGALAX2,475 365 530182 12  4198210
20203299010:43LGAORD  740 365 273130 14  7137210
219032990 9:31LGALON3,442 452 349202 14  4220250
43903299012:16LGALAX2,475 418 374152  8  4164210
38703299011:40LGACPH3,856 370 412177 18  5200250
290032990 6:56LGAWAS  229 378 398 70  0  4 74180
52303299015:19LGAORD  740 414 467171 20  6177210
98203299010:28LGADFW1,383 299 374 76 12  0 82180
62203299012:19LGAFRA3,857 323 224110 19  6135250
82103299014:56LGALON3,442 433 393206 14  5225250
87203299013:02LGALAX2,475 335 356166 17  3186210
416032990 9:09LGAWAS  229 404 409 88 11  6 95180
13203299015:35LGAYYZ  366 434 498106  8  6120178
82903299013:38LGAWAS  229 255 240 71 17  2 74180
18303299017:46LGAWAS  229 352 349 89 11  5104180
27103299013:17LGAPAR3,635 381 363168 24  6198250
92103299017:11LGADFW1,383 391 568112 21  3117180
30203299020:22LGAWAS  229 469 321 93 23  6108180
43103299018:50LGALAX2,475 302 278158 13  4175210
30803299021:06LGAORD  740 330 517124 15  6132210
182033090 8:21LGAYYZ  366 407 465115  9  4128178
114033090 7:10LGALAX2,475 273 419126 15  4145210
20203309010:43LGAORD  740 398 476159 11  5170210
219033090 9:31LGALON3,442 501 455172 19  7198250
43903309012:16LGALAX2,475 392 323200 10  0210210
38703309011:40LGACPH3,856     218175 12  6193250
290033090 6:56LGAWAS  229 401 277 57  6  5 65180
52303309015:19LGAORD  740 319 360153 29  4160210
98203309010:28LGADFW1,383 335 374 94 21  8106180
62203309012:19LGAFRA3,857 477 299209 20  5234250
82103309014:56LGALON3,442 374 212113 15  6134250
87203309013:02LGALAX2,475 333 314143  9  4156210
416033090 9:09LGAWAS  229 448 452 95 17  4103180
13203309015:35LGAYYZ  366 401 346149 11  6166178
82903309013:38LGAWAS  229 304 316 90  9  5 95180
18303309017:46LGAWAS  229 492 300 86  5  4 93180
27103309013:17LGAPAR3,635 416 489164 15  6185250
92103309017:11LGADFW1,383 539 442101 20  4106180
30203309020:22LGAWAS  229 328 319 54 14  3 61180
43103309018:50LGALAX2,475 372 402159 14  4177210
30803309021:06LGAORD  740 379 218121 18  6131210
182033190 8:21LGAYYZ  366 467 270 91  7  6104178
114033190 7:10LGALAX2,475 433 457183 14  4201210
20203319010:43LGAORD  740 297 301111 12  3114210
219033190 9:31LGALON3,442 398 371173 11  5189250
43903319012:16LGALAX2,475 433 511 92 20  6118210
38703319011:40LGACPH3,856 530 360147 13  1161250
290033190 6:56LGAWAS  229 441 380104 22  5130180
52303319015:19LGAORD  740 384 183120 11  7131210
98203319010:28LGADFW1,383 312 250 50 14  4 55180
62203319012:19LGAFRA3,857 458 462197 15  5217250
82103319014:56LGALON3,442 380 123212  3  3218250
87203319013:02LGALAX2,475 400 284153 15  5173210
416033190 9:09LGAWAS  229 278 468 90 12  4 97180
13203319015:35LGAYYZ  366 353 496 85 20  5110178
82903319013:38LGAWAS  229 212 313 84 19  2 97180
18303319017:46LGAWAS  229 434 309129 10  3138180
27103319013:17LGAPAR3,635 358 449138 14  3155250
92103319017:11LGADFW1,383 353 195131 20  4138180
30203319020:22LGAWAS  229 413 331 14 15  5 33180
43103319018:50LGALAX2,475 471 190130 17  3150210
30803319021:06LGAORD  740 424 376105  9  3113210
