001M11111998 88140 80  10
002F11131998 84120 78  X0
003X10211998 68190100  31
004F01011999101200120  5A
XX5M05071998 68120 80  10
006 06151999 72102 68  61
007M08321998 88148102   0
   M11111998 90190100   0
008F08081998210        70
009M09251999 86240180  41
010f10191999    40120  10
011M13131998 68300 20  41
012M101298   60122 74   0
013208231999 74108 64  1
014M02021999 22130 90   1
002F11131998 84120 78  X0
003M11121999 58112 74   0
015F           82148 88  31
017F04051999208    84  20
019M06071999 58118 70   0
123M15121999 60        10
321F          900400200  51
020F99999999 10 20  8   0
022M10101999 48114 82  21
023f12311998 22 34 78   0
024F1109199876 120 80  10
025M01011999 74102 68  51
027FNOTAVAIL  NA 166106  70
028F03281998 66150 90  30
029M05151998           41
006F07071999 82148 84  10